73.0000000000016 3.640643342350813e-12
70.00000000000313 2.042810365310288e-14
79.00000000000163 1.5027978861326119e-12
70.00000000000234 1.992184195387381e-12
76.00000000000611 5.3939075428388605e-12
78.00000000000728 -4.597211500367848e-12
71.00000000000361 -7.114309141798003e-13
79.00000000000057 -3.020250716190276e-12
77.0000000000039 -3.68682862017522e-12
78.00000000000097 -2.282618538629322e-13
76.00000000000192 -2.759570350008289e-12
81.99999999999963 -6.625811010962934e-13
83.00000000000239 -4.169553591282238e-12
78.99999999999967 3.632649736573512e-12
76.00000000000396 -7.123190925995004e-13
72.00000000000263 -3.745448395875428e-12
75.00000000000142 -2.6982860390489805e-12
74.00000000000338 -5.825118165603271e-12
67.99999999999712 -5.049294315995212e-12
61.99999999999988 -5.265121671982342e-12
73.99999999999777 -3.820499472340089e-12
73.99999999999706 -1.7763568394002505e-13
79.99999999999898 -1.404210081545898e-12
86.99999999999974 -2.808864252301646e-12
92.99999999999508 -1.461497589616556e-12
100.99999999999673 3.9168668308775523e-13
103.99999999999896 2.5566215811068105e-12
150.00000000000261 -8.384404281969182e-13
149.99999999999818 -4.766853578530572e-12
149.99999999999662 -6.799005802804459e-13
149.9999999999969 -1.7359447213038948e-12
149.99999999999667 -2.027267242965536e-12
149.99999999999704 5.857536677922326e-13
150.00000000000006 -1.376232461325344e-12
149.99999999999528 2.381650432425886e-12
150.0000000000005 9.872103134966892e-13
149.99999999999724 -1.2922996006636822e-13
149.9999999999988 -2.192024339819909e-12
149.99999999999562 -7.789324740770098e-13
149.99999999999505 -1.5027978861326119e-12
149.99999999999656 -1.0116352200384426e-12
149.9999999999931 5.278888437487694e-12
150.00000000000085 4.546585330444941e-12
149.999999999999 1.219468970248272e-12
149.99999999999773 2.0032864256336325e-12
149.9999999999986 2.426059353410892e-12
149.99999999999852 4.813927034774679e-12
150.00000000000205 1.1253220577600587e-12
150.00000000000122 2.475353255704249e-12
149.99999999999957 1.3109513474773848e-12
149.99999999999912 1.9628743075372768e-12
149.99999999999946 4.713562873348565e-12
150.00000000000279 1.4157564010019996e-12
149.99999999999892 3.836930773104541e-12
150.00000000000463 -6.048495038157853e-13
149.99999999999878 1.567634910770721e-12
150.00000000000168 -3.161915174132446e-13
150.00000000000205 -5.941913627793838e-13
150.000000000001 -1.9166890297128703e-12
149.99999999999798 -1.021405182655144e-12
149.99999999999696 1.7843504451775516e-12
149.99999999999886 1.5329959524024162e-12
150.00000000000094 2.2239987629291136e-12
150.00000000000207 -2.651212582804874e-12
150.00000000000009 4.307665335545607e-12
150.00000000000196 -7.647216193618078e-13
149.999999999997 -9.663381206337363e-13
149.99999999999912 3.0242475190789264e-12
64.99999999999822 -1.808331262509455e-12
64.00000000000097 9.938716516444401e-13
60.99999999999833 -7.362999099314038e-13
72.9999999999981 3.163691530971846e-12
71.00000000000101 1.5143442055887135e-12
78.9999999999992 8.331113576787175e-13
75.9999999999961 1.283417816466681e-12
81.00000000000071 3.133493464702042e-12
79.00000000000104 2.8625990466935036e-12
79.9999999999995 4.804157072157977e-12
84.00000000000125 4.0678571622265736e-13
86.99999999999963 -7.274181257344026e-13
81.99999999999832 4.596323321948148e-12
78.00000000000043 4.04387634489467e-12
90.00000000000287 -6.679101716144942e-13
81.9999999999981 2.510880392492254e-12
83.99999999999982 5.727862628646108e-12
81.00000000000325 3.072209153742733e-12
81.00000000000557 1.8562928971732617e-12
82.00000000000058 3.0180302701410255e-12
80.00000000000531 1.9273471707492718e-13
86.99999999999842 -9.50350909079134e-13
76.00000000000252 2.8048674494129955e-12
81.0000000000027 7.931433287922118e-13
82.00000000000419 -2.708056001665682e-12
80.00000000000098 1.3162804179955856e-12
83.00000000000234 -1.6679990721968352e-12
81.999999999998 -2.815525590449397e-12
81.99999999999625 4.849454171562684e-13
77.9999999999964 3.1823432777855487e-12
79.99999999999645 5.1807447221108305e-12
85.00000000000351 5.970335337224242e-12
84.00000000000323 4.669153952363558e-12
84.00000000000526 3.1104008257898386e-12
85.00000000000082 -1.963762485956977e-12
88.00000000000114 4.781064433245774e-12
89.00000000000318 -2.220446049250313e-14
89.00000000000092 2.8332891588433995e-13
88.00000000000534 -4.787281682183675e-13
87.00000000000438 -1.8678392166293634e-12
92.00000000000105 -5.022648963404208e-12
88.99999999999933 7.025491299827991e-13
90.00000000000065 7.895906151134113e-13
94.99999999999913 3.3861802251067274e-12
94.00000000000458 1.5614176618328202e-12
99.00000000000361 -3.481659405224491e-12
103.99999999999699 3.4914293678411923e-12
99.00000000000261 6.759925952337653e-12
97.0000000000019 -1.6697754290362354e-13
86.00000000000283 9.676703882632864e-13
88.00000000000543 1.0893508317622036e-12
87.00000000000267 -7.256417688950023e-13
92.00000000000485 -1.1617373729677638e-12
152.00000000000287 7.238654120556021e-14
205.00000000000634 1.0835776720341528e-12
193.00000000000506 -5.325961893731801e-12
177.0000000000011 5.635492072997295e-13
164.0000000000049 -2.476241434123949e-12
153.0000000000027 -2.644107155447273e-12
121.00000000000168 -6.426414955740256e-12
105.00000000000362 1.2820855488371308e-12
94.00000000000587 -2.006839139312433e-12
80.00000000000264 -3.9044323330017505e-12
79.00000000000173 -2.19912976717751e-12
76.99999999999915 -3.708144902248023e-12
77.00000000000294 -2.2231105845094135e-12
89.99999999999991 -8.44302405766939e-12
86.99999999999498 -2.9607427620703675e-12
91.00000000000173 -1.4628298572461063e-12
91.00000000000196 -6.914468997365475e-13
84.00000000000287 -3.4785507807555405e-12
86.99999999999982 -3.33288951992472e-12
88.00000000000354 1.5223378113660146e-12
88.00000000000125 -7.049916206369744e-12
84.00000000000186 -1.4477308241112041e-12
91.00000000000126 -5.6772364587232005e-12
99.999999999998 -3.644196056029614e-12
92.99999999999825 -1.0875744749228033e-12
83.99999999999903 -2.0441426329398382e-12
94.9999999999992 -1.6866508190105378e-12
104.9999999999998 -4.959588295605499e-12
88.99999999999702 -3.6135539005499595e-12
74.99999999999702 -1.007194327939942e-12
86.99999999999561 -2.3776536295372352e-12
101.00000000000024 4.6282977450573526e-12
106.00000000000163 -3.696598582791921e-12
99.00000000000173 1.071143174158351e-12
84.00000000000534 -3.852029806239443e-12
91.00000000000183 -5.6630256040079985e-12
105.99999999999778 -4.943601084050897e-12
115.00000000000229 -3.6850522633358196e-12
107.99999999999814 -7.205791519027116e-12
106.9999999999939 -2.1103119252074976e-12
103.99999999999591 -3.282707439211663e-12
111.99999999999307 -2.752464922650688e-12
113.99999999999805 3.896438727224449e-12
121.99999999999662 -1.532107773982716e-12
109.00000000000317 -2.0250467969162855e-13
101.99999999999643 -5.286437954055145e-12
98.99999999999721 1.0835776720341528e-12
106.99999999999807 -4.637179529254354e-12
113.99999999999282 -2.0383694732117874e-12
119.00000000000101 3.602451670303708e-12
101.00000000000206 -2.8608226898541034e-12
94.00000000000017 -3.0526692285093304e-12
87.99999999999521 -1.3216094885137863e-12
104.99999999999777 2.8954616482224083e-13
106.99999999999785 -3.0828672947791347e-12
110.00000000000003 -2.2648549702353193e-12
111.99999999999756 -1.1786127629420662e-12
113.99999999999416 -2.8101965199311962e-12
110.99999999999615 -2.0170531911389844e-12
120.99999999999423 1.5498713423767185e-12
111.99999999999575 7.585043704239069e-13
105.99999999999658 2.8537172624965024e-12
106.99999999999892 1.2319034681240737e-12
101.99999999999824 1.0391687510491465e-12
105.99999999999802 1.873168287147564e-12
116.00000000000037 -1.8482992913959606e-12
110.99999999999604 2.816413768869097e-12
104.99999999999677 1.2434497875801753e-13
93.99999999999979 -2.1582735598713043e-12
86.99999999999353 -8.517631044924201e-13
93.99999999999444 2.937206033948314e-12
100.00000000000007 6.480149750132114e-12
96.00000000000199 1.3304912727107876e-12
84.99999999999913 6.73772149184515e-12
88.99999999999838 3.092637257395836e-12
117.00000000000078 1.2185807918285718e-12
140.99999999999432 -1.0720313525780512e-12
158.0000000000013 4.474642878449231e-12
152.999999999996 7.771561172376096e-13
159.9999999999985 3.454125874213787e-12
148.99999999999974 4.784617146924575e-12
168.00000000000153 -6.31494856406789e-13
168.99999999999403 -1.262989712813578e-12
158.99999999999898 2.0232704400768853e-12
163.99999999999915 2.2470914018413168e-13
170.99999999999937 3.936406756110955e-12
169.00000000000307 3.931965864012454e-12
148.99999999999707 -8.189005029635155e-13
