108.17224880382776 0.0
4.638975770555622 -4.741447891084657
-6.515724956322352 -2.110867374261906
-2.5916016169364866 11.728373965818205
3.560182441941047 2.2163205158585235
4.748570102803902 4.124649530377384
-0.3180515599753274 5.318764558435306
5.418776203074348 0.5495025749784522
-0.16951625062423528 1.9107331179532756
-2.6841617304196963 1.0076248235485126
1.258902345569123 4.270258162186246
-4.977577141107854 1.4832976094077475
-1.0556771501507585 1.4312454171884403
-0.19611460945224538 4.034661340830368
-0.696710555001362 -1.792828929934726
0.4756456327726601 2.1620947510616313
-1.254457819759975 0.2821792293288163
1.3289964710751465 -1.7164750244369487
-2.0449876123730784 1.8981908952047168
0.3868397915462395 -0.7176127473474098
1.3763833144925433 1.3949284760759104
-1.547003398607593 0.5339010567642707
1.8412036683209065 1.562057164636422
-0.7418028465332017 0.8187603413679411
-0.7994767388796313 -0.12882647054588586
-0.5905196677764727 1.5896625220494085
-0.16161009694847667 -0.6160841560674483
-0.5121826419625588 1.3976857952836916
-0.9174902193051138 1.201919832114636
0.6136390553304893 0.276402364238422
-1.48512915793123 0.40116702191308395
-0.09005303357155688 0.027425619548943153
-0.14394334135125758 0.13379729534310242
-0.9496346825281984 -0.5931050542640344
-0.24868307055866415 1.1677898133755287
-0.6184806611083462 -0.09564260246732605
0.26730768101504 -0.7619215499686507
0.6763736002232552 1.026039298211767
1.1303525339428129 0.5663499249325236
-0.7668352814839055 0.7931216632236444
-0.8843892438761863 0.10545224160368115
0.37512097444047804 0.20751912247760385
-0.986018999772061 0.6303535382495198
-0.904649088255449 0.5568082985030792
-0.36380753879606426 0.5234365791119194
-0.3247703426545384 -0.26613863658901765
-0.6591408365575666 0.7702299415245754
-0.6216224163087478 -0.39761658524617505
0.44142683240377056 -0.4865353915759314
-0.8436870627327873 0.7721796036449315
-0.15302464623501577 0.14705712289100775
-0.06026158059628614 -0.07136554395657917
-0.37883105971336106 0.16684468411238082
0.34957493163145875 0.48428149564973344
-0.46420867959967343 -0.47802167590872174
-0.10120922897877976 -0.23823334369275684
-0.4521129567219742 0.5591067710526287
-0.47103607647722806 -0.7546683876516805
-0.35103262334450747 0.3882343934675652
-0.375923389442335 0.2563936968087269
0.1486168578860517 -0.14128126526484894
-0.27156405804254746 0.0763412123035633
0.06728267576578363 -0.046424163129427466
-0.13983365614832283 -0.03477211471982624
-0.3347867533841672 -0.7332937331483074
-0.004778295393015065 0.4643131762600856
-0.16806961681789917 0.18696707613505525
-0.3643754735531345 -0.017978424671101216
-0.2583880821442594 0.6478104683248578
0.08370278471972628 -0.0622214547045675
-0.23161057191094372 0.023646562979672145
-0.3401699134619851 0.16369837395368275
0.2462369986834884 -0.009936057819539807
-0.3513223076673645 0.2441955403038174
-0.30935742384328563 0.3884749036590787
0.01126701899124116 0.4425028829160283
-0.28734994226785954 0.04361494222395848
-0.40900580475662346 0.28617333943952844
-0.060328467464828305 -0.16179299749512713
-0.13410714228581422 -0.04009176420316842
-0.5009978771089786 0.07231682073482652
-0.045475368181917525 0.4359167521886983
-0.3850797160716871 0.1792223593552113
-0.31957460205759586 0.027877804614671403
0.09760313744657231 0.5391940018911011
-0.07194751769434239 -0.3754624027402608
-0.25192776493468494 0.016928760483301997
-0.05947321445651846 0.022191525231336592
-0.24833627796131927 -0.2936203221146977
-0.19636117590792151 0.022045819724442268
-0.1072289169447072 0.20312363867427194
0.22297926013168193 0.16459142839635846
-0.01181845400304334 -0.12733717188305546
0.08604545557004177 0.19225581559901445
0.4129667376998462 -0.17226080759007326
-0.18703597181574166 -0.34566405730374256
-0.1365164738319445 0.2911617860933076
0.09438375143033488 -0.049559361210334954
-0.3299736183756949 0.007869083814945912
-0.2551423247424199 0.5401440843042762
0.03951773308767593 -0.06327479266369776
-0.09168101649695162 -0.2500352948855718
-0.14115459637577324 0.279245315834887
0.13492788246384968 0.10704908208540637
-0.6420020400948088 -0.043409013920414845
-0.6420020400948082 0.04340901392026124
0.13492788246405557 -0.10704908208527514
-0.14115459637578495 -0.2792453158349702
-0.09168101649678423 0.250035294885705
0.03951773308757067 0.06327479266390912
-0.255142324742488 -0.5401440843040379
-0.32997361837601824 -0.007869083814927128
0.09438375143077671 0.049559361210248634
-0.13651647383184315 -0.2911617860932034
-0.1870359718158091 0.3456640573040361
0.4129667377000068 0.17226080759036233
0.08604545557015628 -0.1922558155991709
-0.011818454002890761 0.1273371718829907
0.2229792601320929 -0.1645914283958087
-0.10722891694468238 -0.2031236386743163
-0.19636117590762003 -0.02204581972483317
-0.24833627796138952 0.29362032211475547
-0.059473214456502686 -0.02219152523144783
-0.2519277649343569 -0.016928760483570508
-0.07194751769408973 0.3754624027404395
0.09760313744637976 -0.5391940018910878
-0.31957460205772303 -0.027877804615170414
-0.38507971607168373 -0.17922235935527556
-0.04547536818196322 -0.43591675218845805
-0.5009978771090381 -0.0723168207348797
-0.13410714228611892 0.04009176420327
-0.060328467464524846 0.16179299749535211
-0.40900580475655807 -0.28617333943948425
-0.2873499422679011 -0.043614942224056805
0.011267018991175477 -0.442502882915779
-0.3093574238432121 -0.38847490365928855
-0.35132230766757466 -0.2441955403037078
0.24623699868326768 0.009936057819691979
-0.3401699134621096 -0.16369837395355255
-0.23161057191090892 -0.023646562979653923
0.08370278471952203 0.06222145470489305
-0.2583880821449231 -0.6478104683251471
-0.36437547355307537 0.017978424671118758
-0.16806961681824262 -0.18696707613527555
-0.004778295392937177 -0.4643131762595909
-0.3347867533841612 0.7332937331482546
-0.13983365614852505 0.03477211471968698
0.06728267576593137 0.046424163129420805
-0.2715640580423174 -0.07634121230382114
0.14861685788648887 0.14128126526530735
-0.37592338944241466 -0.2563936968084155
-0.3510326233443203 -0.3882343934675705
-0.4710360764774279 0.7546683876518184
-0.45211295672195206 -0.5591067710527301
-0.10120922897864117 0.23823334369302487
-0.4642086795996027 0.47802167590855044
0.3495749316313221 -0.48428149564996714
-0.37883105971336306 -0.16684468411240658
-0.06026158059645806 0.07136554395658379
-0.1530246462350663 -0.14705712289099893
-0.8436870627325562 -0.7721796036444017
0.4414268324038346 0.4865353915758997
-0.6216224163086459 0.39761658524638543
-0.6591408365574613 -0.7702299415245718
-0.32477034265453025 0.26613863658898407
-0.36380753879586236 -0.5234365791118568
-0.9046490882554182 -0.5568082985033311
-0.9860189997723778 -0.6303535382495059
0.37512097444073617 -0.20751912247740448
-0.8843892438760476 -0.10545224160355203
-0.7668352814837297 -0.7931216632239331
1.1303525339430995 -0.5663499249324955
0.6763736002232088 -1.0260392982117696
0.26730768101470015 0.7619215499688325
-0.6184806611086506 0.0956426024668539
-0.24868307055852945 -1.1677898133757278
-0.9496346825283273 0.5931050542636611
-0.14394334135133258 -0.13379729534287743
-0.0900530335716091 -0.02742561954917651
-1.4851291579310715 -0.4011670219129103
0.6136390553306976 -0.27640236423871667
-0.9174902193051214 -1.201919832114919
-0.5121826419620604 -1.3976857952837434
-0.16161009694879122 0.6160841560675039
-0.5905196677764845 -1.589662522049497
-0.7994767388793914 0.12882647054583915
-0.7418028465328681 -0.8187603413676677
1.8412036683204833 -1.5620571646367378
-1.5470033986082141 -0.5339010567644715
1.3763833144920996 -1.3949284760761451
0.3868397915464523 0.717612747347465
-2.044987612372983 -1.8981908952046072
1.3289964710748619 1.7164750244372644
-1.2544578197593148 -0.2821792293290279
0.475645632772788 -2.1620947510609922
-0.6967105550013802 1.7928289299348508
-0.19611460945233797 -4.0346613408303815
-1.0556771501499684 -1.4312454171886653
-4.97757714110811 -1.4832976094075752
1.2589023455691561 -4.270258162186073
-2.6841617304200325 -1.0076248235481626
-0.1695162506240354 -1.9107331179531115
5.418776203074575 -0.5495025749784346
-0.3180515599756952 -5.31876455843528
4.7485701028044724 -4.124649530376773
3.5601824419415222 -2.2163205158578894
-2.5916016169351166 -11.72837396581841
-6.515724956321169 2.1108673742624777
4.638975770554585 4.741447891084683
