73.0
70.0
79.0
70.0
76.0
78.0
71.0
79.0
77.0
78.0
76.0
82.0
83.0
79.0
76.0
72.0
75.0
74.0
68.0
62.0
74.0
74.0
80.0
87.0
93.0
101.0
104.0
150.0
150.0
150.0
150.0
150.0
150.0
150.0
150.0
150.0
150.0
150.0
150.0
150.0
150.0
150.0
150.0
150.0
150.0
150.0
150.0
150.0
150.0
150.0
150.0
150.0
150.0
150.0
150.0
150.0
150.0
150.0
150.0
150.0
150.0
150.0
150.0
150.0
150.0
150.0
150.0
150.0
65.0
64.0
61.0
73.0
71.0
79.0
76.0
81.0
79.0
80.0
84.0
87.0
82.0
78.0
90.0
82.0
84.0
81.0
81.0
82.0
80.0
87.0
76.0
81.0
82.0
80.0
83.0
82.0
82.0
78.0
80.0
85.0
84.0
84.0
85.0
88.0
89.0
89.0
88.0
87.0
92.0
89.0
90.0
95.0
94.0
99.0
104.0
99.0
97.0
86.0
88.0
87.0
92.0
152.0
205.0
193.0
177.0
164.0
153.0
121.0
105.0
94.0
80.0
79.0
77.0
77.0
90.0
87.0
91.0
91.0
84.0
87.0
88.0
88.0
84.0
91.0
100.0
93.0
84.0
95.0
105.0
89.0
75.0
87.0
101.0
106.0
99.0
84.0
91.0
106.0
115.0
108.0
107.0
104.0
112.0
114.0
122.0
109.0
102.0
99.0
107.0
114.0
119.0
101.0
94.0
88.0
105.0
107.0
110.0
112.0
114.0
111.0
121.0
112.0
106.0
107.0
102.0
106.0
116.0
111.0
105.0
94.0
87.0
94.0
100.0
96.0
85.0
89.0
117.0
141.0
158.0
153.0
160.0
149.0
168.0
169.0
159.0
164.0
171.0
169.0
149.0
